{"nbformat":4,"nbformat_minor":0,"metadata":{"colab":{"provenance":[],"authorship_tag":"ABX9TyPXAUtpYXg8L1NMc7XXy515"},"kernelspec":{"name":"python3","display_name":"Python 3"},"language_info":{"name":"python"}},"cells":[{"cell_type":"code","source":["import numpy as np\n","import time\n","\n","# Define the matrix\n","A = np.array([[2, 1],\n","              [1, 0]])\n","\n","# Measure time taken for SVD computation\n","start_time = time.time()\n","\n","# Compute the Singular Value Decomposition\n","U, S, VT = np.linalg.svd(A)\n","\n","# Calculate elapsed time\n","svd_time = time.time() - start_time\n","\n","# Print the matrices\n","print(\"Matrix U (Left singular vectors):\")\n","print(U)\n","print(\"\\nSingular values (Diagonal of Sigma):\")\n","print(np.diag(S))\n","print(\"\\nMatrix VT (Transpose of right singular vectors):\")\n","print(VT)\n","\n","# Reconstruct the original matrix using SVD\n","reconstructed_A = np.dot(U, np.dot(np.diag(S), VT))\n","\n","# Check if the original matrix and reconstructed matrix are close\n","is_close = np.allclose(A, reconstructed_A)\n","\n","# Print time taken for SVD computation\n","print(\"\\nTime taken for SVD computation: {:.6f} seconds\".format(svd_time))\n","\n","# Print the correctness of the decomposition\n","if is_close:\n","    print(\"The decomposition is correct.\")\n","else:\n","    print(\"The decomposition is not correct.\")\n"],"metadata":{"colab":{"base_uri":"https://localhost:8080/"},"id":"hhmWA9f-lrBT","executionInfo":{"status":"ok","timestamp":1711216318304,"user_tz":-330,"elapsed":516,"user":{"displayName":"SHOUVIK PAL","userId":"01803687457354006771"}},"outputId":"e801c579-abd4-4c39-f120-b85732e435a0"},"execution_count":15,"outputs":[{"output_type":"stream","name":"stdout","text":["Matrix U (Left singular vectors):\n","[[-0.92387953 -0.38268343]\n"," [-0.38268343  0.92387953]]\n","\n","Singular values (Diagonal of Sigma):\n","[[2.41421356 0.        ]\n"," [0.         0.41421356]]\n","\n","Matrix VT (Transpose of right singular vectors):\n","[[-0.92387953 -0.38268343]\n"," [ 0.38268343 -0.92387953]]\n","\n","Time taken for SVD computation: 0.001102 seconds\n","The decomposition is correct.\n"]}]},{"cell_type":"code","source":["import numpy as np\n","import time\n","\n","# Define the matrix\n","A = np.array([[2, 1],\n","              [1, 0],\n","              [0, 1]])\n","\n","# Measure time taken for SVD computation\n","start_time = time.time()\n","\n","# Compute the Singular Value Decomposition\n","U, S, VT = np.linalg.svd(A)\n","\n","# Add a row of zeros to S\n","S_extended = np.vstack([np.diag(S), [0, 0]])\n","\n","# Calculate elapsed time\n","svd_time = time.time() - start_time\n","\n","# Print the matrices\n","print(\"Matrix U (Left singular vectors):\")\n","print(U)\n","print(\"\\nSingular values (Diagonal of Sigma):\")\n","print(S_extended)\n","print(\"\\nMatrix VT (Transpose of right singular vectors):\")\n","print(VT)\n","\n","# Reconstruct the original matrix using SVD\n","reconstructed_A = np.dot(U, np.dot(S_extended, VT))\n","\n","# Check if the original matrix and reconstructed matrix are close\n","is_close = np.allclose(A, reconstructed_A)\n","\n","# Print time taken for SVD computation\n","print(\"\\nTime taken for SVD computation: {:.6f} seconds\".format(svd_time))\n","\n","# Print the correctness of the decomposition\n","if is_close:\n","    print(\"The decomposition is correct.\")\n","else:\n","    print(\"The decomposition is not correct.\")\n"],"metadata":{"colab":{"base_uri":"https://localhost:8080/"},"id":"aFpJU14rm_DD","executionInfo":{"status":"ok","timestamp":1711216309687,"user_tz":-330,"elapsed":513,"user":{"displayName":"SHOUVIK PAL","userId":"01803687457354006771"}},"outputId":"952d50fe-5357-422e-99de-c00ae8fdcf34"},"execution_count":14,"outputs":[{"output_type":"stream","name":"stdout","text":["Matrix U (Left singular vectors):\n","[[-9.12870929e-01  4.80183453e-17 -4.08248290e-01]\n"," [-3.65148372e-01 -4.47213595e-01  8.16496581e-01]\n"," [-1.82574186e-01  8.94427191e-01  4.08248290e-01]]\n","\n","Singular values (Diagonal of Sigma):\n","[[2.44948974 0.        ]\n"," [0.         1.        ]\n"," [0.         0.        ]]\n","\n","Matrix VT (Transpose of right singular vectors):\n","[[-0.89442719 -0.4472136 ]\n"," [-0.4472136   0.89442719]]\n","\n","Time taken for SVD computation: 0.000456 seconds\n","The decomposition is correct.\n"]}]},{"cell_type":"code","source":["import numpy as np\n","import time\n","\n","# Define the matrix\n","A = np.array([[2, 1],\n","              [-1, 1],\n","              [1, 1],\n","              [2, -1]])\n","\n","# Measure time taken for SVD computation\n","start_time = time.time()\n","\n","# Compute the Singular Value Decomposition\n","U, S, VT = np.linalg.svd(A)\n","\n","# Adjust the shape of S to be 4x2 with zeros in additional rows\n","S_extended = np.zeros_like(A, dtype=float)\n","S_extended[:S.shape[0], :S.shape[0]] = np.diag(S)\n","\n","# Calculate elapsed time\n","svd_time = time.time() - start_time\n","\n","# Print the matrices\n","print(\"Matrix U (Left singular vectors):\")\n","print(U)\n","print(\"\\nSingular values (Diagonal of Sigma):\")\n","print(S_extended)\n","print(\"\\nMatrix VT (Transpose of right singular vectors):\")\n","print(VT)\n","\n","# Reconstruct the original matrix using SVD and extended S\n","reconstructed_A = np.dot(U, np.dot(S_extended, VT))\n","\n","# Check if the original matrix and reconstructed matrix are close\n","is_close = np.allclose(A, reconstructed_A)\n","\n","# Print time taken for SVD computation\n","print(\"\\nTime taken for SVD computation: {:.6f} seconds\".format(svd_time))\n","\n","# Print the correctness of the decomposition\n","if is_close:\n","    print(\"The decomposition is correct.\")\n","else:\n","    print(\"The decomposition is not correct.\")\n","\n"],"metadata":{"colab":{"base_uri":"https://localhost:8080/"},"id":"Kih0dy4IYyD4","executionInfo":{"status":"ok","timestamp":1711215783362,"user_tz":-330,"elapsed":520,"user":{"displayName":"SHOUVIK PAL","userId":"01803687457354006771"}},"outputId":"d2f707b3-e95a-418e-a8a4-8ae6cb9b52ba"},"execution_count":8,"outputs":[{"output_type":"stream","name":"stdout","text":["Matrix U (Left singular vectors):\n","[[-0.63245553 -0.5        -0.52229321 -0.27786652]\n"," [ 0.31622777 -0.5        -0.30196857  0.74753928]\n"," [-0.31622777 -0.5         0.79704714  0.12130893]\n"," [-0.63245553  0.5        -0.02721464  0.59098169]]\n","\n","Singular values (Diagonal of Sigma):\n","[[3.16227766 0.        ]\n"," [0.         2.        ]\n"," [0.         0.        ]\n"," [0.         0.        ]]\n","\n","Matrix VT (Transpose of right singular vectors):\n","[[-1. -0.]\n"," [-0. -1.]]\n","\n","Time taken for SVD computation: 0.000517 seconds\n","The decomposition is correct.\n"]}]},{"cell_type":"code","source":["import numpy as np\n","import time\n","\n","# Define the matrix\n","A = np.array([[1, 1, 0],\n","              [-1, 0, 1],\n","              [0, 1, -1],\n","              [1, 1, -1]])\n","\n","# Measure time taken for SVD computation\n","start_time = time.time()\n","\n","# Compute the Singular Value Decomposition\n","U, S, VT = np.linalg.svd(A)\n","\n","# Adjust the shape of S to be 4x3 with zeros in additional rows\n","S_extended = np.zeros_like(A, dtype=float)\n","S_extended[:S.shape[0], :S.shape[0]] = np.diag(S)\n","\n","# Calculate elapsed time\n","svd_time = time.time() - start_time\n","\n","# Print the matrices\n","print(\"Matrix U (Left singular vectors):\")\n","print(U)\n","print(\"\\nSingular values (Diagonal of Sigma):\")\n","print(S_extended)\n","print(\"\\nMatrix VT (Transpose of right singular vectors):\")\n","print(VT)\n","\n","# Reconstruct the original matrix using SVD and extended S\n","reconstructed_A = np.dot(U, np.dot(S_extended, VT))\n","\n","# Check if the original matrix and reconstructed matrix are close\n","is_close = np.allclose(A, reconstructed_A)\n","\n","# Print time taken for SVD computation\n","print(\"\\nTime taken for SVD computation: {:.6f} seconds\".format(svd_time))\n","\n","# Print the correctness of the decomposition\n","if is_close:\n","    print(\"The decomposition is correct.\")\n","else:\n","    print(\"The decomposition is not correct.\")\n","\n"],"metadata":{"colab":{"base_uri":"https://localhost:8080/"},"id":"z9cc3m6uZOoL","executionInfo":{"status":"ok","timestamp":1711215797566,"user_tz":-330,"elapsed":498,"user":{"displayName":"SHOUVIK PAL","userId":"01803687457354006771"}},"outputId":"76e385ea-ed29-466b-c29d-f6cdf9a7f031"},"execution_count":9,"outputs":[{"output_type":"stream","name":"stdout","text":["Matrix U (Left singular vectors):\n","[[-4.36435780e-01  7.07106781e-01  4.08248290e-01 -3.77964473e-01]\n"," [ 4.36435780e-01  7.07106781e-01 -4.08248290e-01  3.77964473e-01]\n"," [-4.36435780e-01  3.33066907e-16 -8.16496581e-01 -3.77964473e-01]\n"," [-6.54653671e-01  3.33066907e-16 -5.55111512e-17  7.55928946e-01]]\n","\n","Singular values (Diagonal of Sigma):\n","[[2.64575131 0.         0.        ]\n"," [0.         1.         0.        ]\n"," [0.         0.         1.        ]\n"," [0.         0.         0.        ]]\n","\n","Matrix VT (Transpose of right singular vectors):\n","[[-0.57735027 -0.57735027  0.57735027]\n"," [ 0.          0.70710678  0.70710678]\n"," [ 0.81649658 -0.40824829  0.40824829]]\n","\n","Time taken for SVD computation: 0.000430 seconds\n","The decomposition is correct.\n"]}]},{"cell_type":"code","source":["import numpy as np\n","import time\n","\n","# Define the matrix\n","A = np.array([[0, 1, 1],\n","              [0, 1, 0],\n","              [1, 1, 0],\n","              [0, 1, 0],\n","              [1, 0, 1]])\n","\n","# Measure time taken for SVD computation\n","start_time = time.time()\n","\n","# Compute the Singular Value Decomposition\n","U, S, VT = np.linalg.svd(A)\n","\n","# Adjust the shape of S to be 5x3 with zeros in additional rows\n","S_extended = np.zeros((A.shape[0], A.shape[1]))\n","\n","# Fill in the diagonal elements of S with the singular values\n","S_extended[:S.shape[0], :S.shape[0]] = np.diag(S)\n","\n","# Calculate elapsed time\n","svd_time = time.time() - start_time\n","\n","# Print the matrices\n","print(\"Matrix U (Left singular vectors):\")\n","print(U)\n","print(\"\\nSingular values (Diagonal of Sigma):\")\n","print(S_extended)\n","print(\"\\nMatrix VT (Transpose of right singular vectors):\")\n","print(VT)\n","\n","# Reconstruct the original matrix using SVD and extended S\n","reconstructed_A = np.dot(U, np.dot(S_extended, VT))\n","\n","# Check if the original matrix and reconstructed matrix are close\n","is_close = np.allclose(A, reconstructed_A)\n","\n","# Print time taken for SVD computation\n","print(\"\\nTime taken for SVD computation: {:.6f} seconds\".format(svd_time))\n","\n","# Print the correctness of the decomposition\n","if is_close:\n","    print(\"The decomposition is correct.\")\n","else:\n","    print(\"The decomposition is not correct.\")"],"metadata":{"colab":{"base_uri":"https://localhost:8080/"},"id":"WcOfMB0Ba51n","executionInfo":{"status":"ok","timestamp":1711216279489,"user_tz":-330,"elapsed":517,"user":{"displayName":"SHOUVIK PAL","userId":"01803687457354006771"}},"outputId":"1570e62c-dc05-48d1-d055-68ede84c7d2d"},"execution_count":12,"outputs":[{"output_type":"stream","name":"stdout","text":["Matrix U (Left singular vectors):\n","[[-5.47722558e-01  3.50476164e-16  7.07106781e-01 -1.32058463e-01\n","  -4.27271064e-01]\n"," [-3.65148372e-01  4.08248290e-01 -1.48383873e-16 -5.43516408e-01\n","   6.36073827e-01]\n"," [-5.47722558e-01 -7.02388902e-17 -7.07106781e-01 -1.32058463e-01\n","  -4.27271064e-01]\n"," [-3.65148372e-01  4.08248290e-01 -1.71841615e-16  8.07633333e-01\n","   2.18468301e-01]\n"," [-3.65148372e-01 -8.16496581e-01  2.43277252e-16  1.32058463e-01\n","   4.27271064e-01]]\n","\n","Singular values (Diagonal of Sigma):\n","[[2.23606798 0.         0.        ]\n"," [0.         1.41421356 0.        ]\n"," [0.         0.         1.        ]\n"," [0.         0.         0.        ]\n"," [0.         0.         0.        ]]\n","\n","Matrix VT (Transpose of right singular vectors):\n","[[-4.08248290e-01 -8.16496581e-01 -4.08248290e-01]\n"," [-5.77350269e-01  5.77350269e-01 -5.77350269e-01]\n"," [-7.07106781e-01 -3.88578059e-16  7.07106781e-01]]\n","\n","Time taken for SVD computation: 0.001100 seconds\n","The decomposition is correct.\n"]}]}]}